0.0
50.570519999999995
101.14103999999999
151.71156
202.28207999999998
252.85259999999997
303.42312
353.99363999999997
404.56415999999996
455.13467999999995
505.70519999999993
556.27572
606.84624
657.41676
707.9872799999999
758.5577999999999
809.1283199999999
859.6988399999999
910.2693599999999
960.8398799999999
1011.4103999999999
1061.98092
1112.55144
1163.12196
1213.69248
1264.263
1314.83352
1365.40404
1415.9745599999999
1466.5450799999999
1517.1155999999999
1567.6861199999998
1618.2566399999998
1668.8271599999998
1719.3976799999998
1769.9681999999998
1820.5387199999998
1871.1092399999998
1921.6797599999998
1972.2502799999997
2022.8207999999997
2073.3913199999997
2123.96184
2174.5323599999997
2225.10288
2275.6733999999997
2326.24392
2376.8144399999996
2427.38496
2477.9554799999996
2528.526